-113.81695872
-114.15239505
-113.37876718
-122.3080158569515
-114.13083153
-114.03747112
-113.97396354
-114.07557823
-113.65153477
-112.54761873
-112.9001131
-114.08672482
-110.94642161
-110.50252273
-114.09901435
-114.06629604
0.0
-114.04187429
-114.0069404
-113.13429518
15.8926885
-114.11425342
-117.63054961
-113.492194
-115.15007198
-113.9776019
-114.008247
0.0
-114.085
-114.10692101
-114.180509
-113.94220622
-113.49975684
-114.21514526
-113.4935776
-80.19362
-79.166707
-114.05970038
-114.0643174
-113.46312544
0.0
-114.0798445
-113.4464887
-112.86438164
0.0
-114.15794849
-114.065465
-113.89819114
-113.49975684
-114.28137565
-113.5097067
-114.0901862
0.0
-110.67328096
-114.0090922
-113.38263572
-114.1350899
-113.9556796
0.0
-114.22290811
-114.17636
-112.8949509
-114.11771647
-113.51913881
-114.07344866
-115.55420751
-113.53037262
-114.19597773
-113.98237553
-114.0645353
-75.45370824119863
-113.07411971
-113.3784233
-114.06835249
-114.03110382
-111.3885221
0.0
-110.01856495
-113.49880703
-114.25238133
-113.48879602
-113.378378
-114.17232
-114.05940132
-111.47264231
-113.6657297
-114.21361
-71.0582912
-113.36041644
-112.65209408
-113.43035819
0.0
-114.065465
0.0
-113.96371717
-110.68585748
-114.01193722
-113.49975684
-118.07633103
-112.10806945
-113.93501552
-113.3881538
-114.065465
-118.81219124
-113.94906424
-114.2418453
-113.47662913
-114.06021512
0.0
0.0
-113.13430087
-114.065465
-114.0133312
-114.04158567
-113.54549
-114.07742415
-113.58195533
-114.15200699
-113.53101223
-114.0612758
-113.28176677
-114.2522909
-114.07176124
-114.07369
-113.48864079
-113.6516572
0.0
-112.81884654
-114.0969126
-113.9556796
-113.61518867
-113.95021392
-113.9810564
-114.25215455
-113.21731037
-113.05423334
-113.49653845
-113.49738812
-115.5697009
-114.16309019
0.0
0.0
-113.4950935
-113.44491597
-114.03859927
-111.45155291
-113.97721755
-93.3122705
-113.94748666
-113.58427421
-113.72694105
-113.97700064
-113.01291466
-114.067395
-111.189371
-113.4938564
-112.48876675
-112.05218894
-114.0902306
-113.89537512
-110.02136259
-113.28218995
-114.14328638
-113.68244841
-114.065465
-114.065465
-114.24729784
-113.52657641
-112.9281172
-113.22231234
-113.520298
-113.52765194
-118.0810629
-114.1961586
-113.32264236
-113.27683629
-113.83133466
0.0
-114.26648521
-114.16937621
-113.36581867
-114.16579
-113.49740172
0.0
-114.04451
-114.12720573
-113.49571184
-113.36577742
-114.21509229
-114.21519522
-114.10195815
-110.6661336
-112.8952432
-113.62941433
-110.50252273
-110.68658138
-114.20936682
-114.06571765
-114.252539
-113.50077521
0.0
0.0
-114.10260859
-113.507996
-112.86381268
-114.20266662
0.0
-113.121
-113.4390018
-1.0800271
-113.49016471738068
-114.0173755
-113.98786
-114.07379815
-116.21599674
-110.72206
-113.4857141
-113.97714614
-114.05100831
-113.54746368
-112.60630566
-113.49062254
-114.065465
-113.37730157
-114.06670397
-113.6239749
-113.53565957
-80.2787573
-117.6168091
-117.16242
-113.8885755
-114.07990049
-113.89882002
-113.49975684
-113.62181079
-114.15405985
-113.55216928
0.0
-113.507996
135.4341471
-113.82073422
0.0
-114.16813144
-113.97864894
-113.5592105
-114.05171709
-114.0715463
-114.09854211
0.0
-114.1242527
-114.14126177
-113.50499278
-114.10289046
-113.36578584
-113.55886
-111.44845035
-114.08542324
-115.002136
-113.9784122
-114.10251216
-114.0960066
0.0
0.0
-113.40141612
-113.42099983
-114.04701478
0.0
-111.21760318
-113.51206975
-114.25231497
-113.53119588
-122.910399
-113.2526746
0.0
-113.95345596
-113.81683102
-113.61273794
0.0
-113.97698535
-113.706
-113.9893966
0.0
-112.89492007
-113.22696447
-113.3783356
-113.44746757
-112.348357
-113.13429326
-114.0711875
-114.02464632
-114.09040678
-113.59869675
-114.12626371
-113.81212238
-114.10261562
-114.065465
-114.04866323
-112.15696585
-114.08871267
-114.18378347316519
-114.19900383
-113.5745184
0.0
-113.41319791
0.0
-114.06598377
-114.10147766
-114.05940132
-113.94763466
-114.06903863
-114.0491149
-114.06634875
-113.91630554
-114.08706249
-115.56893799
-113.9773102
-114.782
-110.20525108
-114.0712
-115.57088509
-113.54129272
0.0
-113.493436
-114.08909009
-113.544943
-113.98603796
-113.98017923
104.869423
-113.2540501
-113.98916704
-113.4959701
-113.51206975
-113.46035936
-114.07797729
-113.62242937
-111.4495037
-113.61354512
0.0
0.0
0.0
-114.12214914
-113.49975684
-113.9648765
-113.45737811
-113.55950675
-114.0870822
-114.30041443
-113.62335865
-113.5104383
-113.45349165
-114.03677
-114.065465
-114.05363791
-114.01181444
0.0
-114.065465
78.6677428
-115.002136
-113.49975684
-113.4559172
-113.81316051
-115.002136
-113.96777711
-115.33955263
-113.93503438
-113.49048587
-114.065465
-113.22696447
-113.48148365
-114.74358989
-114.0642779
-113.50158714
-114.2134068
-112.88409837
-113.3783745
-113.25890739
-113.45639099
-114.54209719
-113.68849426
-113.56781562
-118.791761
-113.50904318
-112.75452194
-112.30426715
-113.57743124
-114.0627055
-113.28204656
-113.40967535
-114.14236529
-113.66776122
-114.04723059
-114.05049523
-114.09929076
-81.8189192
0.0
-114.21524768
-114.11507
-114.1930754
0.0
-114.12938327
0.0
-111.44822406
-113.67592286
-113.99290463
-113.57461158
-114.0491149
-113.42713906
-114.1421718
-114.065465
-114.16199955
-113.500948
-114.065465
-112.78791536
-114.10641594
-113.56087225
-114.06187462
-114.12509658
-118.81242468
0.0
-113.975198
-113.89466898
-114.09623217
-113.26323891
-113.63571471
-113.464
-113.1343044
-112.81897316
-111.10309423
-114.4710708
-111.45083467
-114.04931598
-112.09674741
-114.32026078
-115.5688225
0.0
-113.5309498
-114.2488214
0.0
0.0
-114.07298607
-112.12800804
-114.15212727
0.0
-114.17170354
-114.02890044
-113.55489226
-114.0471443
37.71565249703707
-112.81900108
-111.45134018
-114.1690739
-110.05249131
-113.69738186
-113.54141023
-113.48848237
-114.07572786
-114.02113231
-114.1012298
-85.7609697
-114.120125
-113.51269862
-113.63430088
-115.5682504
-113.6365154
-114.050517
-115.002136
50.5908331
-113.76506428
-113.01337838
-113.58142503
-111.45022381
-114.21497027
-113.55285
-113.26314836
-113.93488823
-113.37746589
-114.03634359
-114.05325367
-114.0875953
-114.08169668
-0.0919983
-118.86023798
-114.23423387
0.0
-113.37831927
-114.02758081
0.0
-114.08396129
-113.4058559
8.2319736
-114.90585509
-114.01857295
-114.09267426
-114.07724388
-114.10607823
-113.58822455
-114.2110057
-113.53269617
-113.9784144
0.0
-113.97764359
-113.8200466
-114.03132193
0.0
-113.522
-113.49141761
-113.49747605
0.0
-110.67330468
-118.5466
-113.98292107
0.0
-114.05367317
-114.01165533
-113.31577408
-114.065465
0.0
-114.06673193
-113.5370294
-113.97855414
-113.24844805
-114.12530482
-113.9544784
-114.06903189
-115.33937008
-111.46243172
-113.537279
-113.39475954
-114.065465
-113.55957007
-111.38302896
-113.82068475
0.0
-114.07137624
-117.58083301
-114.032716
7.2683912
-113.8846575
-114.071972
-113.58761186
83.46558445
-110.03648108
-111.35569062
-114.03195
-114.07363874
-114.065465
-112.8690895
0.0
-111.62088864
-113.9011764
-113.68781144
-113.49466
-113.54001429485467
-113.13429286
-113.37686116
-118.79220677
-114.25238009
-114.10607633
-113.57802805
-113.87189014
-113.9503
-114.07203097
-115.002136
-114.08450446
-114.10149529
-113.45934611
-113.95032382
-114.065465
-110.0061
-114.09644665
-114.15417257
0.0
-114.3170759
0.0
-114.065465
-115.56893333
-113.496
-113.9483844
-116.41790108
-114.0393866
-114.06187168
-115.002136
-113.99969038
0.0
-110.78010732
-114.07548267
-113.97853662
-110.70380366
-112.59266006
-113.38771581
-113.5013574
-113.5325682
-113.3213569
-111.75787915
-113.96113939
-111.47969147
6.0548508
-111.37762754
-114.29041341
-113.49975684
-114.03633354
-114.34972374
-113.780117
-113.3799235
-113.41304359
0.0
-112.801407
-114.4777075
-114.12004319
-114.03866803
-115.271
-114.10734213
-113.55202961
-113.93974136
-114.09563111
-114.06329158
-71.0582912
-113.96391647
0.0
-115.5682504
-97.60534425082406
-112.80048639
-113.58134011
-118.7853684
0.0
-114.01710092
-114.25246197
-114.07061
-112.65190903
-113.98509551
0.0
-113.5311481
-113.9387507
-113.49975684
-111.46008949
-113.2631492
0.0
-114.10254834
-113.59651981
-113.94873619
-113.43036708
-114.3122455
-110.65860861
14.5208584
-112.83703737
-113.97723645
-114.13370875
35.0375429
-113.58742713
-116.6579149
-113.39379134
-114.01897499
-114.1727845
-114.065465
0.0
-114.0803772
-113.41293968
0.0
-113.37833997
-114.09027093
-113.45247937
-114.07052547
-114.065465
-112.81892498
-113.7800401
0.0
0.0
-113.9607351
-114.188281
-114.14536464
0.0
0.0
-115.002136
-114.10042126
-114.01602979
-114.07709624
0.0
0.0
12.674297
0.0
-112.0
-113.3135666
-118.854
-113.64782477
-103.6462379
-114.0933246
-113.4590815
0.0
-113.67443028
-113.58722548
-114.07728207
-112.8395462
-113.41290874
-78.0000547
-113.62242937
-114.05342509
-114.04977808
-115.002136
-114.05940132
-113.9654757
-113.49975684
-114.09902872
-113.82066366
-113.59613509
0.0
-115.148516
-114.1988329
-114.92484101
-113.81980081
0.0
-113.5053928
-114.03429355
-112.8998516
-114.0437995
-114.05940132
0.0
-114.044213
-114.17591369
-113.6462259
-113.503244
-113.51385184
-114.13960139
-114.25227776
-113.970201
-115.002136
-113.3782747
-113.4080467
-113.66925295
-113.76144105
-113.53080207
-113.89919563
-113.49975684
-114.07656303
-113.37738646
-113.98786
0.0
-113.3782626
-107.991707
-113.62585384
-115.55922958
-113.48679543
-111.46153239
-114.065465
-113.94764566
-111.1875717
-113.49134223
-113.5774642
-3.1648673
0.0
-112.83707748
-114.14803942
0.0
-113.47552657
-114.17061401
-113.9784144
-113.26965399
0.0
-113.77076519
-113.4834099
-98.3252932
-114.03867164
-113.45537
-114.08346977
-114.053625
-114.16276936
-114.07805453
-114.04979086
36.941628
-114.02939542
-59.5250305
-113.46010747
-113.36594191
-114.25248502
-113.13417027
-114.065465
-113.99245979
-114.12069
-117.33627474
-114.20126739
-113.61320737
-113.54960103
-114.0335164
-113.28198306
-113.51196713
-114.25271087
-113.9663324
-114.08776123
-113.4848904
5.9799001
120.11691142248041
-114.21121033
-113.13437169
-113.61762365
-113.8805406
-113.26315252
-114.08678162
-114.01653215
-112.68301469
-113.49497641
-114.09065355
-112.8102456
-110.03884423
-117.59228341
-113.4587057
-114.09236178
0.0
-113.97021105
-113.93474458
-112.87658254
-114.1259205
-114.063289
-114.065465
-113.96239667
-113.50050135
-111.43112796
-111.59137719
-112.928
-113.4429022
0.0
-113.9968042
-114.16921309
-114.05907278
-113.5120824
-113.97075551
-111.33967861
-113.3782168
-112.472
-114.21514811
-113.54538321
-110.6861141
-115.33918993
-111.9738429
0.0
-113.96614823
-114.08582272
-114.07215
-113.9889822
-113.72396104
-113.8200434
0.0
-113.02996025
0.0
0.0
0.0
-113.51113253
-111.09366748
-113.3784036
-114.25237824
0.0
-112.80984879
-113.62687438
-113.67242482
-114.0902799
-114.0908391
-113.94743068
-118.79292
0.0
-113.40698839
-113.60839849
-113.97719814
-114.065465
-113.95774197
-114.16928078
-114.065465
-114.09922492
-115.57509221
-114.08681162
-114.0952981
0.0
-114.21496679
-114.17636
-110.7796474
-110.6708759
-107.991707
-113.52039513
-114.12129968
-114.16922196
-114.15183536
-113.506921
-113.95193843
-113.97733298
-112.93369938
-113.13431292
-115.35735223
-114.25193704
-113.97421328
-113.36893843
-114.20641561
-114.12965438
-113.55452439
-113.50807825
-114.07593027
-113.58297475
-115.002136
-113.48211765
0.0
-114.21259518
-113.51338124
-114.03010645
-113.49304148
-114.07044206
-113.98730124
-110.6861122
-113.43661436
-114.082887
-111.75280111
-109.638757
-113.97773554
-113.95825099
-113.3782764
-114.05434837
-112.78605117
-113.97405965
-113.84442397
-113.41349772
-113.98783
-112.80078359
-113.9681112
-114.15756481
-114.06677461
-113.94443101
-114.065465
-114.09585702
-113.4366703
-71.0582912
-112.89506093
-113.37741742
-94.000884
-113.84410602
-114.21519605
-114.11066667
-113.26623947
0.0
-112.241
24.1293968
-107.991707
-115.002136
-107.991707
-114.0776994
-114.08330013
-113.80961421
-114.05462241
-114.08903784
-113.53428021
-113.368023
-113.5769578
-118.80371801
-114.07392594
-115.01936701
-114.21509447
-114.1115822
-112.058425
0.0
-113.26991828
-115.5682504
-114.06168303
-114.2153853
-114.20026
-112.7998305
-113.82074475
-115.002136
-117.626865
-113.5146254
-113.85812
-113.9784144
-116.18112702
-113.98302234
-114.20131965
-113.56442751
-113.58557133
-113.55435333
-113.48810811
-114.39310741
-114.20637965
-113.3783484
-113.3967299
-111.45188037
-113.3783108
-80.19362
-114.065465
0.0
-80.19362
-114.05453237
-113.5177413
-114.25237608
-71.0582912
-110.56001463
-114.19096005
-112.81765537
-113.42431479
-114.08822481
-110.67761416
-114.05940132
-114.065465
-113.517469
-114.065465
-114.0095702
-114.03279084
-113.30341326
-113.48236326
-113.49975684
-113.40686263
13.002963
-113.4843418
0.0
0.0
-113.53993502
-113.63576727
-113.99159947
0.0
-113.95139181
-113.1342942
-113.5638771
-114.05346279
12.1444871
-113.52082575
-113.49534533
-115.67239829
0.0
-118.75289276
-114.14293918
-114.77294631
-107.991707
-113.55198771
-113.62238396
-114.12539
-113.49777842
-114.09202258
0.0
-114.05940132
-114.0968091
-123.13840505989171
-114.05434893
-113.45707655
-111.35102
-114.04187074
-112.4648986
-114.119206
-111.21792622
-114.25198372
-114.1405398
0.0
-112.65189492
-114.06989899
0.0
-82.6881395
-113.961797
-113.9371694
-113.13432921
-114.10544375
-114.0780156
-111.36173886
-111.27744293
0.0
-74.0060152
-113.9928534
-112.6932693
-114.03596089
-114.11375535
-117.33627474
-113.43777757
-113.54950702
-113.4081175
-112.7771725
51.5538419
-118.05490304
-117.338
-114.02805599
-113.3783643
-114.06563288
-114.252385
-114.08731074
-119.997
-113.522
-114.065465
-112.89876113
-113.13431292
-113.60360103
-113.50879666
-114.50959548
-113.48580837
-113.82007678
-113.46781511
-111.44184774
-114.06086808
-113.4579964
-113.58977797
-114.0960769
-112.85274092
-87.6325293
-114.2017893
-115.002136
-115.002136
-114.008247
-111.38013476
0.0
0.0
-113.97026736
-114.05029409
-100.4458825
-114.07500863
-116.479
-112.06868708
-114.01713976
-114.09908154
-114.06795502
0.0
-114.20132878
-113.58364995
-114.01012626
-114.06260293
-111.38260953
-113.396724
-114.17822783
0.0
-114.008247
-118.79199949
-113.56561542
-113.981056
0.0
-114.16530376
0.0
-114.1593368
-107.991707
0.0
-110.70405298
-112.86900632
0.0
-112.08615149
-115.002136
0.0
-113.53119215
-114.02100063
-114.18987696
-111.61991452
0.0
-114.02829395
-113.94682706
-114.0623024
-114.21346198
6.3386874
-113.53423935
-107.991707
-114.06462585
-114.19608154
-114.0694312
-114.14180288
-113.89993199
-113.13429345
-114.16900043
-114.05050176
-113.48568273
-115.55890772
-115.002136
0.0
-113.25005264
-111.51110157
-114.12624757
-114.05940132
-114.25261999
-113.98748863
-113.61754654
-113.5712808
-114.15204518
0.0
-114.25245743
-114.065465
-115.002136
-114.05940132
-114.065465
0.0
0.0
-113.45452307
-114.0984653
-114.06629593
-114.06941414
-114.09437087
-114.07883406
0.0
-113.21090416
-113.55896154
-113.8174556
-113.74659
-113.5903834
-114.0445403
-114.12624723
0.0
-111.27743991
0.0
-113.55967059
-113.489592
-113.97768053
0.0
0.0
-114.31180101
0.0
-114.09055705
-113.63060488
-112.88878615
-114.06986751
-114.07834072
0.0
0.0
104.999927
-115.915
-114.01876624
0.0
-114.06717068
-112.613
-113.51919651
-113.55944546
-113.02996512
-113.38760798
0.0
0.0
-113.61684401
-114.02722168
-114.0695828
-115.56918176
-113.47687405
-114.19868348
-77.03755907267006
-114.04139759
-113.62121333
-113.37841742
-113.4950639
-114.065465
0.0
-114.10621327
-115.56876596
-115.64
-114.31888197
0.0
-114.11844173
-110.7092748
-115.285
-113.79459565
-114.058101
-114.09722754
-111.45189389
-114.20130288
0.0
-113.13429352
-113.02995838
-113.31965008
-113.55886
-113.9789183
-114.06538932
-113.13102127
-113.97677344
-113.9483766
-113.49975684
-113.48669728
-114.11259315
-114.07275435
-113.536305
-114.13005
-118.07389098
-114.10623897
-113.48792781
-114.065465
-0.0274853
-114.09970723
-114.07082014
-110.00759386
-114.82787789
-114.0052705
-114.01451851
-114.12938944
-114.09245498
-111.9183827
-113.98725748
-112.80018339
-113.74998138
-114.065465
-114.01139796
-113.53333282
-113.82071857
-79.3839347
-113.28218405
0.0
-113.49150512
-115.57120266
0.0
0.0
-114.17548731
-113.97863738
-114.065465
-114.065465
0.0
-114.10932
-113.5340396
-113.26169133
-113.54169124
-118.78577141
0.0
-113.46522772
-113.57804806
-112.84816956
-113.10783092
0.0
-113.521886
-111.37500484
-113.3783291
-114.03585093
-114.009
0.0
0.0
0.0
0.0
-114.04348598
-114.11385855
-114.05940132
-114.10628304
-115.5682504
-113.58136347
-115.002136
-115.002136
-114.21447954
-114.06717068
-114.08168195
-113.48890893
-71.0582912
-117.122
-114.25253472
-112.80017574
-114.16933696
-106.1412243
-113.49975684
-114.10088961
-114.25399383
-115.33944508
-114.0318201
-113.99018167
-114.0502193
0.0
-113.49509961
-114.71469716
-112.6903862
-112.79075909
-112.05434314
-114.05940132
-113.97866991
0.0
-114.0751972
-114.24334083
-110.85685693
-110.69475421
0.0
0.0
-113.37642185
-114.09933552
-114.065465
-113.98566932
-113.68325998
-112.8998833
-111.90770715
-114.21549375
-114.05940132
-113.9810579
-113.5815275
-115.56138027
-115.49815151
-114.15799403
-118.79203167
-113.5290035
172.7311816
-113.53106084
0.0
0.0
-113.9474707
-114.0619062
-114.12631168
-114.065465
-114.08512328
-113.49975684
-112.7971673
-113.94456571
0.0
-113.37177974
-114.10585232
-113.49595571
-115.002136
0.0
-114.08517431
-113.453261
-113.60360103
-114.065465
-113.45447357
-114.032796
-110.84130075
-114.00556946
-113.97701162
-113.55047696
12.3747329
-113.12274607
-110.67688285
0.0
-114.05948284
-113.6235295
-113.93223709
0.0
0.0
-114.10162
-113.49284543
-114.11172046
-111.68774625
-113.57200359
122.4350662
-79.3839347
-114.065465
-114.04488802
-114.08656832
-114.08484221
-114.0665625
-113.27871703
-113.3218274
-113.36573633
171.584046
-115.363027
-112.71004237
-113.93507905
-112.00979502
-114.00449787
-113.3782926
-114.76587734
-113.55893575
-113.4960814
-110.097
-115.002136
-112.6903849
-113.50676825
-113.3783422
-114.10217758
0.0
-114.12603561
-113.54258823
-114.065465
-114.0368274
0.0
-114.05408012
-113.69481138
-113.45914459
0.0
0.0
-114.03381302
-114.05940132
-113.492102
-111.4317034
-114.1012905
-113.97864399
-113.42272243
-113.9784262
0.0
-114.065465
-107.991707
0.0
5.2408138
-113.94083928
-113.82068356
-110.67139
-113.84114446
0.0
-117.29452037
-114.03215616
-107.991707
-113.479992
0.0
-113.31903308
-114.0908391
-114.06670397
-113.98946434
-113.63851622
0.0
117.5617682
-113.852825
-113.27502618
-114.0781532
-113.48614799
-114.25235471
-114.04389051
-114.05110168
-113.62345709
-113.38274491
-113.45882675
0.0
-111.4659064
-113.48635454
0.0
-114.06682192
-113.6212457
-114.05940132
-111.37998988
-114.062813
0.0
-87.6244212
-114.49287426
-113.67722593
0.0
-112.80052098
-111.47181111
-114.05940132
-114.06230651
-118.79215585
-114.05940132
-116.6577855
0.0
-114.0907954
-118.8419619
0.0
0.0
-113.62822294
-113.76901553
-112.65182559
-113.87215369
-114.08847282
0.0
-111.45120151
-113.51569588
0.0
-113.950067
-114.06795502
-115.002136
-114.065465
-114.10096706
-114.065465
-115.002136
-117.59627172
0.0
-115.56005
-114.04460671
-113.94444822
-113.63578254
-113.50083901
-114.02889914
-113.24857851
-113.97855607
-113.62242937
-114.1462727
-114.0784467
-107.991707
-113.62159423
-113.68194683
-113.13433058
-113.95383249
-113.8292808
-113.67676665
-113.507996
-114.03277039
0.0
-114.21512313
-114.24186972
-113.41390184
-115.002136
-115.002136
-74.4041622
-113.82774761
-110.20878006
-113.56720293
-112.65200461
-116.657786
-113.89967968
-116.598
-114.20127733
-112.83854526
-113.49975684
-113.49975684
-113.3782088
-113.4671751
-112.893
-114.20084694
0.0
-114.065465
-114.06066
-113.93879219
-114.065465
-114.1874286
-114.07807231
-114.12175817
0.0
-115.15345101
-123.1226648
-113.6538738
-114.15409103
-110.88960952
-114.05940132
-113.97861116
-115.33626009
-114.065465
-115.002136
-113.49975684
-113.95063886
0.0
-113.31759833
-116.768
-113.2072061
-111.28944874
-114.0817539
-114.01357369
-114.02873133
-113.84235488
-113.28171138
-114.09846475
-113.98826749
0.0
-113.32365474
-114.1285342
-113.507996
-114.074295
-122.99300818666057
-113.309
-118.22836
0.0
-113.94763955
-116.21599674
-113.9824176
0.0
-113.39305233
-113.89875021
-114.1211104
-115.002136
-113.5066692
-114.05563263
-113.43353845
-114.049
-114.14687486
0.0
-113.54467715
-113.94745739
-113.4652242
-113.4584025
-113.97762278
-113.81677598
-112.86873354
-113.42314898
-112.254
-110.28903209
-114.16029705
-115.002136
-113.52072
-111.33985592
-116.58782989526185
-114.12934131
-110.615
-114.06605699
-113.12301789
-114.17029473
-113.4856291
-114.065465
0.0
-113.41042463
-113.61210178
15.4507124
-92.599358
-114.09259489
-113.38793855
-107.991707
-113.49732964
-113.90339151
0.0
0.0
-114.07486837
-113.62564818
-114.065465
-114.127225
-113.52592943
-114.065465
-112.86904226
-113.53446865
-114.2524951
-114.104152
-113.89332385
-113.29207845
0.0
0.0
-114.03982664
0.0
-112.0589759
-111.71
-118.79203167
-114.065465
-118.26795
-114.05193475
-110.72151657
-114.01460392
-100.4458825
-113.3783026
0.0
-114.2161367
-64.68926342528714
-114.04972431
-115.002136
0.0
-114.079079
-114.14674955
-114.07495
-113.55832054
-114.50789364
-113.4602859
-114.0540168
-113.52132868
-113.02997134
-114.065465
0.0
-113.61334872
-114.11165577
-113.9776315
-114.4803657
0.0
-113.99152519
-113.78905481
0.0
-113.48350846
-112.85241198
-115.002136
-114.10594009
-114.21578888
-112.06190562
-114.062964
-114.067395
-113.36583966
-114.25237793
0.0
-114.103
-112.85285316
-113.57013384
-114.065465
-113.55517404
-114.0827694
-113.9653599
-114.0218655
0.0
-109.638757
-114.07719011
-113.49975684
-113.46518982
-113.8684888
-114.065465
0.0
-118.79188033
0.0
-112.79638025
-112.8102777
-113.3783776
-114.07170593
-114.11429122
-113.54417186
0.0
-113.97861355
0.0
-113.98235625
0.0
-113.58179644
-114.0318606
-114.065465
7.9999721
-113.50463
-110.694712
5.2408138
-113.9810564
-113.4892794
-113.37827534
-107.991707
-113.13429345
-114.07934457
-114.0629883
-59.5250305
-113.9585969
-113.13448476
-114.11630652
-113.83021495
-114.21517315
-114.08603936
-114.05940132
-113.7760716
0.0
0.0
-110.311
-113.81210833
-114.065465
-113.63079057
-114.065465
0.0
-111.027904
-113.767627
-113.13436708
-113.17104
-114.00478
0.0
-118.06080987
-113.983
-112.90614063
-118.77444462
-113.48060321
-114.1167386
0.0
-114.00466
-113.51864
-113.3782306
-113.0299717
-114.10868051
-114.07624549
-114.49278939
-113.82071646
-113.94575261
-114.0086441
-112.83703736
-114.17261311
-113.38715304
-110.02404263
-113.81524147
-114.08615165
-115.002136
-113.956568
-113.38283434
-113.82071255
-113.9774032
-114.21771116
-113.61775832
-114.065465
-118.77918018
-113.61748691
0.0
-114.01724626
-113.7859889
-113.52169849
0.0
-114.065465
-94.000884
-114.15713894
0.0
0.0
-113.56675493
-113.53041597
-113.55285
-113.79746468
-114.08243677
-113.45975786
-114.1042253
-114.15827307
-113.59844021
-114.05438291
-114.06602291
-118.75248098
-113.82996222
-114.09458172
-114.17502546
-114.0822344
-114.07443882
-113.43533171
-113.378394
-116.4
-113.97745293
0.0
-114.25232344
-110.49381117
0.0
0.0
-113.47840254
-114.07434443
-113.48792781
-114.21189161
-113.6357263
-118.77904874
0.0
-119.975
0.0
-114.065465
-115.56116667
-113.47688276
-114.14793005
-114.13004421
-114.22125193
-113.26315527
-118.8097652
0.0
-110.05319577
-114.065465
-113.92999467
-114.16920326
0.0
-112.83703657
-112.89481766
0.0
0.0
-113.64807484
-118.22836
-114.05940132
-114.09443697
-113.49975684
-114.21150405
-114.0010694
-113.83101881
-112.75444288
-113.82492753
0.0
-118.08377989
-114.1171801
-114.0612758
-114.04854476
0.0
-113.94317121
92.1115021193457
-114.07249019
-108.2812303
-118.08015605
-113.4601582
-111.37259908
0.0
-113.53519701
0.0
-113.55978495
-114.20076434
-114.07834072
-113.45628535
-113.50793129
-113.56473762
-113.507996
-118.353132
-112.69520268
0.0
-114.10114494
-114.10256077
0.0
-113.4611127
-113.98300598
0.0
-114.0738203
-114.065465
-114.065465
-114.09751995
-114.16926733
-112.93191813
-114.16287698
-113.66569918
-113.41809773
-113.84538607
-114.02586864
-114.056
0.0
-113.28198225
-114.13074593
0.0
-113.49881172
-113.5425871
-113.28202147
-116.18338464
-113.574489
-110.6948228
-114.06091818
-116.79824195
-113.6914095
-111.27960666
-113.44713302
-113.3878674
-113.2484506
-114.00444553
-113.66602994
-113.50610653
-113.3783067
-114.01472692
-114.21537653
0.0
-113.47860618
-114.09066059
0.0
-114.09121888
-114.065465
-114.16560662
-114.07194471
0.0
-113.5425508
-114.065465
-105.607716
-112.80209033
-113.25860459
-113.60961579
-114.08886343
-112.78850375
-114.11390633
-113.97735024
0.0
-113.496954
-113.51401465
-113.93255828
-114.0908391
-114.25237885
0.0
0.0
-98.3252932
-114.070493
0.0
-113.45473766
-114.120564
-113.507996
-114.07695327
-113.50207823
-114.01421621
-113.98291694
-113.37742826
-113.67440847
-113.96354
-113.26326131
-116.49875077
-114.12940167
-114.065465
-113.88922131
-110.64887307
0.0
0.0
-112.83975803
-113.3783464
-114.0768651
-113.13429366
-114.10148156
-114.065465
-114.05940132
-114.16306637
-114.08613015
-114.03714407
-114.05940132
0.0
-114.065465
-114.129435
-113.9661126
-112.0241909
0.0
-113.54517235
-114.19820218
-114.12603893
-110.65876857
-114.14208759
0.0
-115.33959883
-114.15180562
-114.0895814
-113.66780238
-114.11184494
-113.32810214
-114.06311898
-114.0426368
0.0
-107.991707
-114.07986186
-114.0440324
-115.002136
-113.62400989
-114.25249821
-113.4311077
-113.30098801
-113.638745
-113.42544654
-114.1985031
-115.78923808
-113.26113
-113.58723275
-114.0806717
-114.11879724
-114.06795502
-114.07656523
-114.0627164
-114.07504997
-113.46018029
-113.94794216
-113.46271778
0.0
-114.0725934
-113.28209439
-113.45442
-112.75430896
-113.98748508
-113.81929668
-114.05940132
-113.31650994
-113.396727
0.0
-111.0252938
0.0
-114.06764
-113.8072916
-114.09902013
-112.86341419
0.0
-112.84868198
-113.67372462
0.0
-114.03736504
0.0
-111.35786732
-114.01732938
-110.19617599
-114.08730818
0.0
-113.4901383
0.0
-113.82079159
-113.49975684
-114.4559748
-113.99701428
-114.20131009
-114.11764035
-113.49975684
-111.726646
-111.10298205
-113.24782242
-113.53377282
-113.97858811
-110.6861733
-113.507996
0.0
-114.15491566
0.0
-113.37500427
-114.065465
-114.16929818
0.0
-114.06494021
30.7677295
-114.065465
-114.065465
-114.065465
-115.002136
-114.07184469
-114.07834072
0.0
-114.065465
-123.3566658
-76.62673
-114.07518868
-113.96837305
-115.002136
-114.0612758
24.9837182
-114.12149627
-114.065465
-115.002136
-115.002136
-114.065465
-114.06605699
-107.991707
-115.002136
-114.065465
-114.065465
-114.10529749
-115.002136
-114.24049549
-114.065465
-115.002136
-115.002136
-115.002136
-114.08480133
