52.29000099 
51.0249824 
53.57911745 
47.4475673 
51.03062951 
51.0092346 
51.08404264 
51.11127652 
50.14742929 
51.38288122 
49.67982231 
51.036567 
56.41263861 
53.84635644 
51.03300013 
51.04000465 
0.0 
51.30282727 
51.1792255 
51.85324653 
57.9946553 
51.05555144 
56.92687485 
53.56379388 
50.92249686 
51.0854762 
51.081185 
0.0 
50.9617 
51.03761248 
51.08574601 
50.71883278 
53.53925427 
51.01605497 
53.48139256 
25.7741728 
42.544225 
51.03152131 
51.0681022 
53.57051433 
0.0 
51.04208564 
53.41916308 
49.67508034 
0.0 
51.01031005 
51.0460954 
53.55264313 
53.53925427 
50.67579369 
53.5440921 
50.90659569 
0.0 
50.04482239 
51.1294052 
53.46719039 
51.057089 
51.0602042 
0.0 
51.02000174 
51.12309 
49.67419808 
50.92535085 
53.61951503 
50.90739516 
51.18423898 
53.55830002 
51.12578058 
50.90370879 
51.16232263 
39.802327649999995 
50.98756732 
53.6014105 
51.06555881 
50.93138608 
56.7291997 
0.0 
53.27822402 
53.51797256 
51.12568344 
53.5433776 
53.6014394 
51.10146 
51.04839287 
56.75274576 
53.49233689 
51.13261 
42.3602534 
53.44645564 
53.36907764 
53.55557916 
0.0 
51.0460954 
0.0 
51.06309542 
50.0170355 
51.27744474 
53.53925427 
52.86022885 
53.52533138 
49.48726511 
53.5984177 
51.0460954 
55.18831522 
50.73049727 
51.13082104 
53.54642948 
51.05775805 
0.0 
0.0 
51.85320406 
51.0460954 
51.28908115 
50.88205721 
53.53009 
51.03502861 
53.54234261 
51.0251187 
53.5499817 
51.0290858 
53.51507972 
51.12570518 
51.06007796 
51.04582 
53.54375012 
53.5078676 
0.0 
49.69170074 
51.0412703 
51.0602042 
53.5437072 
50.90951218 
51.0362718 
51.12569366 
53.70814785 
53.19500113 
53.53851399 
53.51825322 
51.1711051 
49.58443066 
0.0 
0.0 
53.466451 
53.48347368 
50.90019283 
56.75716278 
51.0591128 
41.9216734 
50.92469583 
53.30734093 
53.34575259 
52.96607059 
54.06559742 
51.045891 
56.46722844 
53.41924306 
54.08338835 
53.49555335 
50.90662268 
50.60085621 
53.27186557 
53.51533284 
51.10224537 
53.51969525 
51.0460954 
51.0460954 
51.14623701 
53.54231043 
53.8019065 
51.88219231 
53.5406597 
53.55713254 
52.8775409 
51.03957763 
53.53590844 
53.5348148 
51.04746391 
0.0 
51.09132481 
51.14289206 
52.97134284 
51.07389 
53.62639002 
0.0 
51.04351 
51.13299405 
53.53860531 
52.97130106 
51.0159064 
51.01598909 
51.00240428 
50.00188951 
49.67446958 
53.6515902 
53.84635644 
52.4644474 
51.0574358 
51.11625308 
51.12577327 
53.51809087 
0.0 
0.0 
51.02865408 
53.535411 
49.67509063 
51.09303357 
0.0 
51.735 
53.5559522 
8.0300284 
53.5454723 
50.9914474 
51.26682 
50.92005548 
51.41676634 
50.05907 
53.4466414 
51.05895891 
51.11598286 
53.54202422 
53.16176101 
53.63056815 
51.0460954 
53.59737029 
51.1487021 
53.66250567 
53.5518955 
26.1666888 
53.3894078 
58.51318 
50.9764268 
51.1271802 
53.42552457 
53.53925427 
53.66125297 
51.03492924 
53.51432673 
0.0 
53.535411 
34.6662366 
52.2754343 
0.0 
51.01460581 
51.06336423 
53.56653473 
50.99484536 
51.01624605 
50.98147509 
0.0 
50.9709242 
51.0272796 
53.51651401 
50.95732236 
52.97131309 
53.5136252 
56.75870466 
51.03884891 
55.001251 
51.0383422 
51.03033441 
51.0365879 
0.0 
0.0 
53.46713365 
53.59796623 
50.93615843 
0.0 
54.18068052 
53.54417343 
51.12566074 
53.54999629 
46.991936 
53.5598253 
0.0 
51.05418718 
52.28829497 
53.62407931 
0.0 
51.05913647 
51.404 
51.037002 
0.0 
49.67423607 
53.70207367 
53.6014044 
53.44338478 
43.190039 
51.85324304 
50.9987969 
51.27326473 
50.96981574 
53.49011805 
51.09078549 
52.21385315 
51.03105703 
51.0460954 
51.0515529 
49.78925514 
51.04078061 
51.117454800000004 
51.09925142 
53.6006859 
0.0 
53.59109293 
0.0 
51.00480473 
51.0665906 
51.04839287 
50.92458309 
51.01751418 
51.0477915 
51.04682309 
52.57997971 
51.01860747 
51.17025758 
51.05914561 
55.733 
54.47723892 
51.12874 
51.17833248 
53.24080448 
0.0 
53.542175 
51.04058564 
53.570545 
51.07427382 
51.05741098 
13.5066394 
53.5246834 
53.53685248 
53.5321975 
53.54417343 
53.42370086 
51.0182057 
53.52246446 
56.73080338 
53.62375255 
0.0 
0.0 
0.0 
51.05754409 
53.53925427 
51.1115545 
53.56525555 
53.56681526 
51.04800238 
53.57122701 
53.53926403 
53.5347737 
53.51505995 
50.99382 
51.0460954 
51.095012 
51.06649261 
0.0 
51.0460954 
22.3511148 
55.001251 
53.53925427 
53.5713245 
52.22848813 
55.001251 
50.70943925 
51.08760133 
49.48729038 
53.54405287 
51.0460954 
53.70207367 
53.56642256 
53.5642389 
51.068075 
53.51781795 
51.11585168 
49.6912616 
53.6014132 
53.5589152 
53.57185778 
53.79176215 
53.28228918 
53.5492106 
55.15812292 
53.63716375 
51.46657527 
54.94107629 
53.58091884 
50.9498374 
53.51531086 
53.57732232 
51.09249312 
53.49241014 
51.03634777 
51.04599247 
51.03724463 
22.790658 
0.0 
51.01618749 
50.89925 
51.0892766 
0.0 
51.00266314 
0.0 
56.75859243 
53.50776478 
53.63671487 
53.26805327 
51.0477915 
53.45973104 
50.95085563 
51.0460954 
49.58439326 
53.687534 
51.0460954 
53.00976473 
51.03759923 
53.2649516 
51.02608496 
51.083567 
55.18830936 
0.0 
50.754983 
53.54350672 
51.14499013 
53.5415455 
53.49904839 
53.4201 
51.85322893 
49.69176345 
54.29995714 
51.1874627 
56.72601 
50.93177771 
52.75637404 
51.00924945 
51.16853466 
0.0 
53.6233564 
51.14642705 
0.0 
0.0 
50.94675319 
53.52094372 
51.02484307 
0.0 
51.09820874 
50.92917602 
50.13626323 
50.93617342 
55.77182085 
49.69170044 
56.75721697 
51.14299638 
53.27747375 
53.51082095 
53.2413294 
53.53926389 
51.1137487 
50.88150231 
51.03751207 
30.1681851 
51.070026 
53.54506732 
53.54029662 
51.1777781 
53.4863936 
50.989777 
55.001251 
26.2304728 
50.53121127 
54.06617026 
53.30439233 
56.72480308 
51.01605637 
53.51293 
53.54167644 
51.03938302 
53.59727745 
50.93684221 
51.09576913 
51.1655666 
53.63802423 
51.5156177 
55.03133729 
53.7011379 
0.0 
53.59928092 
50.88519526 
0.0 
51.04533804 
53.43842106 
46.7985624 
52.36635511 
50.98309515 
51.06884766 
51.04642736 
52.20498203 
53.65400667 
51.0492679 
53.57586787 
51.0383485 
0.0 
51.05372459 
52.30147075 
51.04018515 
0.0 
53.5412 
53.51957631 
53.51860915 
0.0 
50.03937889 
55.36392 
53.04716954 
0.0 
51.09548842 
51.13130666 
53.55978408 
51.0460954 
0.0 
51.15361656 
53.5428674 
51.06342182 
53.6860702 
51.14879206 
50.92195017 
51.04571539 
51.08743853 
56.76313768 
53.542389 
49.7220776 
51.0460954 
53.26498233 
56.73780628 
52.27530364 
0.0 
51.05997748 
53.39338744 
51.040609 
43.7009358 
53.55566989 
52.3104629 
53.45596476 
27.717091500000002 
53.27562466 
56.71821379 
50.8887776 
51.03906423 
51.0460954 
53.01441749 
0.0 
57.12473676 
50.9736779 
53.56075301 
53.542603 
53.61579295 
51.85324327 
53.48219341 
55.15793891 
51.12569131 
52.20498765 
53.56807267 
50.82429297 
50.72447 
50.93900483 
55.001251 
51.05627961 
51.56172562 
53.51343755 
51.10147079 
51.0460954 
53.25029 
51.14510854 
51.0923885 
0.0 
52.75436221 
0.0 
51.0460954 
51.17025273 
53.5398 
51.0936667 
53.62910984 
50.9542913 
51.05096322 
55.001251 
51.09733199 
0.0 
50.06191764 
50.92105058 
51.0634491 
50.03676245 
54.83385072 
53.60203689 
53.5455535 
53.5760619 
53.8142975 
52.20537848 
50.92139216 
56.75696262 
46.0064526 
56.72955877 
53.56778344 
53.53925427 
50.87785294 
53.67867789 
52.2396901 
53.6064643 
53.55509836 
0.0 
49.677338 
51.1897364 
50.94783264 
50.94207541 
57.96 
51.03754518 
53.51434031 
50.90771618 
51.01181666 
50.90152313 
42.3602534 
50.98602043 
0.0 
51.1777781 
35.3848053 
49.6928717 
53.51511284 
55.20155002 
0.0 
50.88543596 
51.12572923 
51.03497 
53.36907696 
50.94364797 
0.0 
53.54999369 
51.09231875 
53.53925427 
56.75656972 
53.54169191 
0.0 
51.55772671 
53.26483431 
50.88381349 
53.52349421 
51.21243772 
50.06050686 
59.6749712 
49.69275781 
51.0591714 
51.04698953 
32.3988067 
53.4513805 
54.4853305 
53.41129675 
50.98315472 
53.5263717 
51.0460954 
0.0 
51.0392572 
53.55504688 
0.0 
53.59931218 
50.90657118 
53.5347479 
50.99003338 
51.0460954 
49.6917526 
52.2397216 
0.0 
0.0 
50.91529862 
51.1453689 
51.00743701 
0.0 
0.0 
55.001251 
51.03492203 
51.05805806 
51.04640605 
0.0 
0.0 
42.6384261 
0.0 
54.709 
53.5585662 
56.622 
53.53067034 
50.7254768 
50.96939527 
53.51306005 
0.0 
53.48061978 
53.45628046 
51.03502372 
53.5741615 
53.55498319 
24.7736546 
53.52246446 
51.09412937 
51.05279024 
55.001251 
51.04839287 
51.0619453 
53.53925427 
51.15315315 
52.27530594 
53.94228792 
0.0 
36.1672559 
51.1260995 
52.37805296 
52.30138428 
0.0 
53.48465458 
51.28985797 
49.70649095 
51.1033375 
51.04839287 
0.0 
51.03876 
51.08270637 
53.4735163 
53.541093 
53.53441901 
51.06074395 
51.12568509 
50.8907295 
55.001251 
53.6014088 
51.0628847 
53.48961842 
52.23107532 
53.46519114 
53.42538271 
53.53925427 
51.04607991 
53.59730073 
51.26684 
0.0 
53.6014411 
61.0666922 
53.49055391 
51.15207328 
53.54280659 
56.75647308 
51.0460954 
50.92454723 
50.2455304 
53.51768763 
53.5150683 
43.0407426 
0.0 
49.69274625 
51.05429584 
0.0 
53.55949022 
51.05907409 
51.0383485 
53.56138169 
0.0 
52.26924062 
53.085858 
26.2159066 
51.10797705 
53.4660948 
51.04898646 
51.041232 
49.58437557 
51.12355999 
50.88618216 
31.1667049 
50.92075967 
13.1500331 
53.4236464 
52.97134588 
51.12575637 
51.85313158 
51.0460954 
51.20397765 
50.916624 
56.23364721 
51.01006125 
53.62372676 
53.24016351 
51.0442812 
53.51528314 
53.56116832 
51.12580622 
50.92137437 
51.00130986 
53.6263545 
51.4371483 
35.999665 
51.03907085 
51.85318611 
53.53663769 
53.55533159 
53.54168522 
51.03789171 
50.89905361 
53.36686626 
53.53777179 
50.96991544 
49.6755909 
53.27761367 
53.39904703 
53.5132903 
51.03416223 
0.0 
50.71122652 
51.07949443 
49.69018959 
51.0904303 
51.030338 
51.0460954 
50.89790947 
53.53719867 
57.24393539 
57.1702716 
53.411 
53.5347111 
0.0 
53.42522962 
51.14311235 
50.95170836 
53.479009 
51.09771057 
56.67594661 
53.6014326 
53.92 
51.01596122 
53.56274809 
50.0350391 
51.08757354 
41.2230048 
0.0 
50.89052534 
50.94885914 
50.99021 
51.0875928 
53.39203119 
52.30163454 
0.0 
53.60214203 
0.0 
0.0 
0.0 
53.49934874 
57.27132689 
53.6014382 
51.12569943 
0.0 
49.73004139 
53.52273875 
50.97393298 
50.90663864 
52.3056132 
50.92475876 
55.16313 
0.0 
53.36556516 
53.51607372 
51.0591194 
51.0460954 
50.99270654 
51.14308678 
51.0460954 
51.03730601 
51.17233995 
50.88822277 
50.9149296 
0.0 
51.01588981 
51.12309 
54.26963177 
50.0392878 
61.0666922 
53.46446609 
51.07040997 
51.14320277 
51.01380748 
53.5052757 
50.77047663 
50.93123167 
53.00574468 
51.85325043 
51.09655741 
50.92369285 
51.06880143 
52.97558272 
51.13617441 
50.95134333 
53.55142096 
53.50477009 
51.04694326 
53.47551518 
55.001251 
53.44062754 
0.0 
51.05899464 
53.48772768 
51.07798822 
53.52465879 
51.11039863 
50.88919964 
50.035046 
53.53739852 
51.1266567 
52.20196602 
47.3752671 
51.05911863 
53.59395635 
53.6014493 
51.09557801 
49.69912423 
51.08398829 
52.28359477 
53.55507564 
51.26683 
54.17023106 
50.7109054 
51.0113166 
51.04058224 
50.91432666 
51.0460954 
50.94157767 
53.4949451 
42.3602534 
49.67440586 
53.59728623 
30.7485258 
52.28358719 
51.01584228 
51.13883333 
51.6986099 
0.0 
58.643 
56.9520707 
61.0666922 
55.001251 
61.0666922 
51.046883 
51.05507371 
52.26383285 
50.97913241 
51.0406318 
53.61357196 
52.976986 
53.5510925 
55.11336508 
50.99944212 
51.04528083 
51.01590711 
51.02690541 
53.494974 
0.0 
53.5617435 
51.1777781 
51.05024783 
51.01618622 
51.1197 
49.6962909 
52.27544741 
55.001251 
53.37956248 
53.6199392 
49.270645 
51.0383485 
55.44697961 
51.08613738 
51.01012087 
53.52757797 
53.63967733 
53.5628844 
53.54073539 
51.16838755 
51.13617236 
53.6014179 
53.4849423 
56.72942153 
53.6015046 
25.7741728 
51.0460954 
0.0 
25.7741728 
50.93893841 
53.60325383 
51.12567769 
42.3602534 
53.31323057 
51.1395843 
53.01642114 
53.6000458 
51.03611866 
50.01580127 
51.04839287 
51.0460954 
53.51157931 
51.0460954 
50.9658335 
51.04060456 
53.52695625 
53.51745282 
53.53925427 
53.60080816 
48.318578 
53.4530929 
0.0 
0.0 
53.48417034 
53.52224722 
51.26594066 
0.0 
50.91272069 
51.85324264 
53.52466803 
51.09570198 
46.3549984 
53.54153757 
53.54900468 
54.12221854 
0.0 
55.10913422 
51.02720392 
55.27791164 
61.0666922 
53.51434419 
53.50072681 
51.07993 
53.51888514 
52.29835212 
0.0 
51.04839287 
52.3014403 
49.24630515 
51.05348819 
53.56513978 
56.6841 
51.30280417 
52.92116173 
51.079398 
54.18050572 
50.92366272 
51.0589838 
0.0 
53.36909958 
51.05197264 
0.0 
40.2253569 
50.91765829 
51.11730144 
51.85325817 
50.9508203 
51.0413403 
56.69961388 
51.94834115 
0.0 
40.7127281 
51.0364724 
53.3683642 
50.87801642 
51.03394079 
56.23364721 
53.56296773 
53.25247133 
51.0629322 
54.60890191 
25.254789 
52.88692401 
56.076 
51.04484562 
53.6013917 
50.89800787 
51.12568697 
52.30403897 
55.37 
53.4227 
51.0460954 
53.00413883 
51.85325043 
53.43667333 
53.53843194 
51.19508009 
53.44944578 
52.30126703 
53.58804402 
56.72992923 
50.90516354 
53.56764174 
53.62703514 
51.0364937 
53.02009578 
41.9362619 
51.1149643 
55.001251 
55.001251 
51.081185 
56.71689619 
0.0 
0.0 
50.71119557 
51.04522804 
39.7837304 
50.93729258 
52.008 
53.50830979 
50.93221794 
51.03291765 
51.15593145 
0.0 
51.01010088 
53.44477449 
50.97252779 
51.08844579 
56.41642723 
53.4849929 
51.03711117 
0.0 
51.081185 
55.15787078 
53.53680604 
51.0362736 
0.0 
51.01530058 
0.0 
51.0703351 
61.0666922 
0.0 
50.03745092 
53.01441089 
0.0 
53.50786959 
55.001251 
0.0 
53.50390315 
50.981825 
51.02185157 
57.12588832 
0.0 
51.04158004 
50.83162939 
51.02618497 
51.1505166 
52.9543224 
53.50938875 
61.0666922 
51.1622085 
51.12539916 
51.067999 
50.99433498 
53.55628367 
51.85324311 
51.02018853 
51.0505383 
53.51733316 
51.15189454 
55.001251 
0.0 
53.6880854 
57.26029888 
51.03776641 
51.04839287 
51.12579172 
50.8890451 
53.50176154 
53.59033203 
51.02484497 
0.0 
51.1257259 
51.0460954 
55.001251 
51.04839287 
51.0460954 
0.0 
0.0 
53.48247314 
51.0288712 
50.95733675 
50.94404364 
51.16488675 
51.0539125 
0.0 
53.71074282 
53.56632922 
52.2775916 
52.4705114 
53.3015854 
50.98699184 
51.03764798 
0.0 
51.94833602 
0.0 
53.5665282 
53.550038 
51.05914335 
0.0 
0.0 
51.21235939 
0.0 
51.07692298 
53.65444969 
49.6677843 
50.96077534 
51.03788291 
0.0 
0.0 
35.000074 
52.779 
51.30650648 
0.0 
51.1512458 
55.219 
53.52645713 
53.56674449 
53.60213624 
53.60203669 
0.0 
0.0 
53.50071657 
51.04092026 
51.067911 
51.17025168 
53.51802719 
51.04723955 
38.89751125 
50.88164338 
53.42378042 
53.5992833 
53.51709078 
51.0460954 
0.0 
51.03759777 
51.17023629 
58.922 
52.75470254 
0.0 
51.16422644 
55.66337975 
59.086 
52.45060179 
51.045325 
51.03968895 
56.72939363 
51.01013592 
0.0 
51.85324184 
53.60214425 
53.56515967 
53.5136252 
51.0370745 
51.07993226 
52.24613338 
51.05918225 
51.0936571 
53.53925427 
53.51819772 
51.15186412 
50.9010093 
53.552421 
50.93351761 
52.88695185 
51.03750639 
53.56858485 
51.0460954 
51.5309383 
51.04930497 
51.16493113 
53.28365235 
51.28754159 
51.0376021 
51.2637342 
51.00267007 
51.07968563 
50.83761244 
50.88917507 
49.69629241 
52.47169588 
51.0460954 
51.15160739 
53.54116821 
52.27551202 
43.6534817 
53.51529789 
0.0 
53.59660603 
51.17661857 
0.0 
0.0 
51.11674882 
51.06348463 
51.0460954 
51.0460954 
0.0 
51.788372 
53.50930616 
53.68453523 
53.53904007 
55.15378848 
0.0 
53.61568572 
53.55777973 
53.01508842 
53.55467051 
0.0 
53.54696631 
56.72194507 
53.6013701 
50.87760434 
51.1294 
0.0 
0.0 
0.0 
0.0 
51.06693285 
51.03388717 
51.04839287 
51.03751347 
51.1777781 
53.53401012 
55.001251 
55.001251 
51.01587398 
51.1512458 
51.03463606 
53.5412279 
42.3602534 
54.905 
51.12577229 
49.69631044 
51.1428009 
55.5321257 
53.53925427 
51.02375144 
51.1257066 
51.08759688 
50.8887514 
51.02108751 
50.9519157 
0.0 
53.53786364 
51.22474974 
52.8452632 
49.68913367 
53.17534173 
51.04839287 
51.06344058 
0.0 
51.0425327 
51.14583074 
57.2377566 
50.00187834 
0.0 
0.0 
53.4598578 
51.0373165 
51.0460954 
51.07322561 
53.51106895 
49.70648368 
50.58197739 
51.15279188 
51.04839287 
51.0362739 
53.4502633 
51.18335391 
51.24736514 
51.08439587 
55.17223585 
53.5395925 
-43.6043033 
53.54984998 
0.0 
0.0 
50.92474822 
51.0456229 
51.09079178 
51.0460954 
50.94835712 
53.53925427 
49.66971096 
50.91425777 
0.0 
53.63056534 
51.03407131 
53.53974533 
55.001251 
0.0 
52.30295323 
53.5715639 
53.43667333 
51.0460954 
53.57089312 
51.040548 
51.99072616 
53.06406244 
51.03387363 
53.27094446 
51.3406321 
51.8057675 
50.03942488 
0.0 
51.06251812 
53.6150166 
51.05555371 
0.0 
0.0 
51.03403 
53.48144431 
51.02706064 
53.9656554 
53.45950117 
11.1020992 
43.6534817 
51.0460954 
51.09794354 
51.03588895 
51.05099899 
50.9082129 
53.55939497 
53.53132 
52.9711674 
-43.2374982 
51.0886 
51.46374066 
49.48725945 
54.76314465 
51.04028782 
53.6014527 
55.27588596 
53.56625618 
53.45617956 
54.848 
55.001251 
52.8452622 
53.48471694 
53.601403 
51.03435682 
0.0 
50.90959057 
53.24298642 
51.0460954 
51.09774486 
0.0 
51.05956386 
53.51052004 
53.57481766 
0.0 
0.0 
51.03802854 
51.04839287 
53.517209 
56.7339116 
51.0321667 
51.06340342 
53.46144948 
51.0383524 
0.0 
51.0460954 
61.0666922 
0.0 
50.5180856 
51.07920072 
52.27543459 
50.04467 
51.04734746 
0.0 
56.25913409 
51.04036764 
61.0666922 
53.5444477 
0.0 
53.53696143 
52.3056132 
51.1487021 
51.26771627 
53.51556661 
0.0 
56.9335962 
52.3471869 
53.51275297 
50.90428066 
53.54481723 
51.12574776 
51.03891174 
50.94974899 
53.80037399 
53.59583591 
53.51328723 
0.0 
56.7190027 
53.51819902 
0.0 
51.04007976 
53.4236717 
51.04839287 
56.72722297 
51.07817626 
0.0 
41.8755616 
51.19072061 
53.42612163 
0.0 
49.69290371 
56.7604896 
51.04839287 
51.02619107 
55.15812282 
51.04839287 
54.4853372 
0.0 
51.0403971 
55.153525 
0.0 
0.0 
53.52270684 
52.25736148 
53.36913507 
50.71026598 
51.03859353 
0.0 
56.7572251 
53.52272884 
0.0 
54.402782 
51.15593145 
55.001251 
51.0460954 
52.30475519 
51.0460954 
55.001251 
53.39729322 
0.0 
51.17872 
50.90888973 
50.91425224 
53.49900642 
53.54363719 
51.30159669 
53.68511108 
51.06340727 
53.52246446 
51.0585855 
51.0206343 
61.0666922 
53.50081652 
53.5200866 
51.85325704 
53.45490805 
52.2832214 
53.5080353 
53.535411 
51.04048599 
0.0 
51.0159429 
51.11547937 
53.56934448 
55.001251 
55.001251 
40.0757384 
51.05011378 
54.45886674 
53.45350365 
53.36907359 
54.4853299 
53.55622593 
55.291 
51.01015044 
53.01519711 
53.53925427 
53.53925427 
53.6014759 
53.5185837 
49.6934 
51.01016291 
0.0 
51.0460954 
51.06543 
51.09210483 
51.0460954 
51.1405549 
51.04696901 
50.9326024 
0.0 
51.05181153 
46.8062416 
53.48574799 
51.0847012 
55.58456223 
51.04839287 
51.06336722 
51.08176487 
51.0460954 
55.001251 
53.53925427 
51.19974705 
0.0 
53.84888448 
52.542 
50.8910474 
55.7626239 
51.0525417 
51.28950174 
51.26387594 
51.03780923 
53.5153955 
51.16759964 
51.07604287 
0.0 
53.53443267 
50.9430535 
53.535411 
51.03556747 
38.776218 
58.164 
55.3036 
0.0 
51.06130672 
51.41676634 
51.0523545 
0.0 
53.47813244 
53.42549468 
51.05157748 
55.001251 
53.6303211 
51.00146821 
53.42896648 
50.998 
51.18114506 
0.0 
53.25013206 
50.92458213 
53.6001699 
53.602359 
51.05912682 
51.0430108 
53.01423121 
53.45484496 
56.076 
49.91037437 
51.03620476 
55.001251 
53.603152 
56.67571686 
33.073965 
50.9510887 
53.26 
51.03411995 
51.77814993 
51.14765851 
53.5436962 
51.0460954 
0.0 
53.5897265 
53.51489293 
43.9417377 
47.153826 
51.06277989 
53.59798443 
61.0666922 
53.53895929 
53.45702616 
0.0 
0.0 
51.04256565 
53.64767893 
51.0460954 
51.13299988 
53.61692555 
51.0460954 
53.01460305 
53.61348446 
51.12575514 
50.9051239 
53.55793046 
51.03757856 
0.0 
0.0 
51.00198718 
0.0 
53.50411185 
52.052 
55.17223585 
51.0460954 
55.27703 
51.05941401 
49.98041969 
51.05929292 
39.7837304 
53.6014664 
0.0 
51.03875308 
32.3763819 
51.02957952 
55.001251 
0.0 
51.037924 
51.05251925 
50.93993 
53.55952393 
51.1831382 
53.42373126 
50.93406953 
53.54407486 
53.60212885 
51.0460954 
0.0 
53.62375879 
51.02689186 
51.05919919 
51.1912669 
0.0 
51.02929483 
51.25217391 
0.0 
53.44422702 
53.00843415 
55.001251 
50.89658735 
51.01616093 
53.49508069 
51.030333 
51.045891 
52.97136115 
51.12569948 
0.0 
54.153 
53.01996347 
53.69178117 
51.0460954 
53.5782387 
51.042921 
51.1593101 
50.88596332 
0.0 
47.3752671 
51.06033702 
53.53925427 
53.61560585 
50.9230294 
51.0460954 
0.0 
55.15804886 
0.0 
49.66821636 
49.6755847 
53.6013925 
51.03439198 
51.08414032 
53.56646064 
0.0 
51.06339757 
0.0 
50.90373082 
0.0 
53.54235453 
50.888765 
51.0460954 
9.6000359 
53.54049 
50.00182282 
50.5180856 
51.0362718 
53.5445932 
53.59926143 
61.0666922 
51.85324383 
51.03777684 
50.9632223 
13.1500331 
51.1059823 
51.85312236 
50.94666619 
52.29824704 
51.01595078 
51.05370064 
51.04839287 
50.3437815 
0.0 
0.0 
58.935 
52.21385167 
51.0460954 
53.80442065 
51.0460954 
0.0 
55.344887 
52.238548 
51.85324495 
52.784763 
51.28484 
0.0 
52.88711267 
54.512 
52.98851975 
55.19223657 
53.51437253 
51.00454432 
0.0 
51.28472 
53.60518 
53.6014139 
53.6022949 
50.91570914 
51.03906356 
51.19071345 
52.2754575 
51.05271751 
51.132351 
49.69275781 
51.02257528 
53.59693704 
53.25802921 
52.30370418 
51.14651134 
55.001251 
50.927316 
53.59600809 
52.27548455 
51.0856881 
51.13782637 
53.50190632 
51.0460954 
55.18940019 
53.50180084 
0.0 
50.88608354 
52.2344266 
53.52729312 
0.0 
51.0460954 
30.7485258 
51.070446 
0.0 
0.0 
53.44677458 
53.25108791 
53.51293 
51.26179573 
51.05633902 
49.35308206 
50.9052326 
51.06889563 
53.18566851 
51.05438347 
51.11623307 
55.10929801 
51.04647548 
51.15278318 
51.0433089 
52.2999588 
51.0033702 
53.60408028 
53.6013949 
52.751 
51.05920416 
0.0 
51.12576042 
53.33091618 
0.0 
0.0 
53.50070148 
51.03550757 
53.56858485 
51.14888156 
53.4990256 
55.18939028 
0.0 
53.918 
0.0 
51.0460954 
51.16333333 
53.57030467 
51.17768957 
51.02541503 
51.12598143 
53.54168502 
55.1584465 
0.0 
53.27715822 
51.0460954 
51.07910519 
51.14296827 
0.0 
49.69275834 
49.6741746 
0.0 
0.0 
53.64206824 
55.3036 
51.04839287 
51.04190455 
53.53925427 
51.04964952 
51.0221442 
51.04756729 
51.46657046 
52.16449297 
0.0 
52.87278951 
51.0871146 
51.0290858 
51.0170838 
0.0 
53.75145664 
58.475359 
50.99908565 
45.2380121 
52.87947271 
53.42384316 
56.71996562 
0.0 
53.24828235 
0.0 
53.56677878 
51.00995673 
51.03788291 
53.57103502 
53.50460245 
53.5275733 
53.535411 
33.9562003 
53.15886723 
0.0 
52.30472722 
51.55770901 
0.0 
53.41566745 
51.08613162 
0.0 
50.9943679 
51.0460954 
51.0460954 
51.04013911 
51.14291055 
53.00797143 
49.58439469 
53.48165371 
53.53961651 
52.29799862 
51.03997344 
58.768 
0.0 
53.51546506 
51.14132389 
0.0 
53.54591125 
53.585534 
53.51522892 
51.42921887 
53.5068141 
50.00188142 
51.0584307 
53.55720601 
53.41717162 
54.00129975 
53.41962161 
53.5984737 
53.6934188 
51.03725059 
53.48162712 
53.56248422 
53.6014223 
50.8670768 
51.01610095 
0.0 
53.55054231 
51.07687129 
0.0 
52.31236863 
51.0460954 
51.03363278 
50.97788342 
0.0 
53.5855184 
51.0460954 
38.7251776 
49.67198461 
53.55671773 
52.67512869 
51.04055713 
49.66711346 
51.02392572 
51.05916919 
0.0 
53.518161 
53.45513846 
53.54206009 
52.3056132 
51.12575593 
0.0 
0.0 
26.2159066 
51.030503 
0.0 
53.56919215 
50.916639 
53.535411 
51.04646982 
53.51824678 
51.03876548 
51.08611691 
53.5971518 
53.65241238 
50.934343 
53.5415564 
51.72379806 
51.08224818 
51.0460954 
53.54585451 
50.00987802 
0.0 
0.0 
49.69316039 
53.6014161 
51.0476959 
51.8532431 
51.16092787 
51.0460954 
51.04839287 
49.58439226 
51.17117117 
53.24841122 
51.04839287 
0.0 
51.0460954 
51.00268724 
50.89052158 
46.5810747 
0.0 
53.24685945 
51.04722899 
50.94349682 
50.06046638 
51.06011917 
0.0 
51.08758946 
51.01384856 
51.048642 
53.4892173 
51.14647234 
53.86800234 
50.98937203 
50.88237613 
0.0 
61.0666922 
51.12730306 
51.1606622 
55.001251 
53.52303976 
51.12573112 
53.5807215 
53.52364677 
53.5383722 
53.46898266 
51.126345 
54.19170658 
53.53467 
53.45134296 
51.0475825 
51.16171699 
51.15593145 
51.04625065 
50.9498473 
50.8987719 
53.42366321 
51.12967189 
53.62721748 
0.0 
51.0404978 
53.51536727 
53.57057 
51.46653807 
50.88904312 
52.24693426 
51.04839287 
53.557002 
53.4849902 
0.0 
55.3415909 
0.0 
50.91034 
52.24394551 
51.02531664 
49.67768277 
0.0 
53.01567379 
53.50894192 
0.0 
50.87596213 
0.0 
56.71976264 
50.89119305 
54.41486826 
51.04331028 
0.0 
53.4434929 
0.0 
52.27548653 
53.53925427 
50.73074579 
51.06833489 
51.01012263 
51.03334905 
53.53925427 
49.025856 
54.29988826 
53.68710674 
53.51126046 
51.06340365 
50.0350223 
53.535411 
0.0 
51.11929531 
0.0 
52.9868533 
51.0460954 
51.14293985 
0.0 
51.04666885 
28.6934522 
51.0460954 
51.0460954 
51.0460954 
55.001251 
51.05994129 
51.03788291 
0.0 
51.0460954 
48.4168323 
44.23048 
51.02927939 
50.71057533 
55.001251 
51.0290858 
60.1749408 
50.9061631 
51.0460954 
55.001251 
55.001251 
51.0460954 
51.03411995 
61.0666922 
55.001251 
51.0460954 
51.0460954 
51.05757799 
55.001251 
51.09400051 
51.0460954 
55.001251 
55.001251 
55.001251 
51.05441832 
