52.29000099
51.0249824
53.57911745
51.0464303
51.03062951
51.0092346
51.08404264
51.11127652
50.14742929
51.38288122
49.67982231
51.036567
56.41263861
53.84635644
51.03300013
51.04000465
53.02415468
51.30282727
51.1792255
51.85324653
50.06496811
51.05555144
56.92687485
53.56379388
50.92249686
51.0854762
51.081185
50.97991055
50.9617
51.03761248
51.08574601
50.71883278
53.53925427
51.01605497
53.48139256
51.04213308
52.23592451
51.03152131
51.0681022
53.57051433
53.55973141
51.04208564
53.41916308
49.67508034
50.72109471
51.01031005
51.04839287
53.55264313
53.53925427
50.67579369
53.5440921
50.90659569
50.78852601
50.04482239
51.1294052
53.46719039
51.057089
51.0602042
53.40656864
51.02000174
51.12309
49.67419808
50.92535085
53.61951503
50.90739516
51.18423898
53.55830002
51.12578058
50.90370879
51.16232263
50.96472468
50.98756732
53.6014105
51.06555881
50.93138608
56.65650956
51.07802322
53.27822402
53.51797256
51.12568344
53.5433776
53.6014394
51.10146
51.04839287
56.75274576
53.49233689
51.13261
50.97910391
53.44645564
53.36907764
53.55557916
51.03427502
51.13125668
51.61050566
51.06309542
50.0170355
51.27744474
53.53925427
52.86022885
53.52533138
49.48726511
53.5984177
51.04839287
55.18831522
50.73049727
51.13082104
53.54642948
51.05775805
53.58162445
51.0088
51.85320406
51.04037388
51.28908115
50.88205721
53.53009
51.03502861
53.54234261
51.0251187
53.5499817
51.0261898
53.51507972
51.12570518
51.06007796
51.04582
53.54375012
53.5078676
51.08974365
49.69170074
51.0412703
51.0602042
53.5437072
50.90951218
51.0362718
51.12569366
53.70814785
53.19500113
53.53851399
53.51825322
51.1711051
49.58443066
50.9143668
51.61044693
53.466451
53.48347368
50.90019283
56.75716278
51.0591128
50.02777063
50.92469583
53.30734093
53.34575259
52.96607059
54.06559742
51.045891
56.46722844
53.41924306
54.08338835
53.49555335
50.90662268
50.60085621
53.27186557
53.51533284
51.10224537
53.51969525
51.06680495
52.24318276
51.14623701
53.54231043
53.80279125
51.88219231
53.5406597
53.55713254
52.8775409
51.03957763
53.53590844
53.5348148
51.04746391
51.15107956
51.09132481
51.14289206
52.97134284
51.07389
53.62639002
53.65084247
51.04351
51.13299405
53.53860531
52.97130106
51.0159064
51.01598909
51.00240428
50.00188951
49.67446958
53.6515902
53.84635644
52.4644474
51.0574358
51.11625308
51.12577327
53.51809087
51.05872749
50.909064
51.02865408
53.53428831
49.67509063
51.09303357
53.47523082
51.735
53.5559522
51.05897436
53.54586663
50.9914474
51.26682
50.92005548
51.41676634
50.05907
53.4466414
51.05895891
51.11598286
53.54202422
53.16176101
53.63056815
51.04839287
53.59737029
51.1487021
53.66250567
53.5518955
53.5442765
53.3894078
58.51318
50.9764268
51.1271802
53.42552457
53.53925427
53.66125297
51.03492924
53.51432673
51.0088
53.53925427
50.8825359
52.2754343
52.32971264
51.01460581
51.06336423
53.56653473
50.99484536
51.01624605
50.98147509
53.52186532
50.9709242
51.0272796
53.51651401
50.95732236
52.97131309
53.5136252
56.75870466
51.03884891
51.18146225
51.0383422
51.03033441
51.0365879
53.46355095
51.10693349
53.46713365
53.59796623
50.93615843
50.91282654
54.18068052
53.54417343
51.12566074
53.54999629
51.03772401
53.5598253
53.54134244
51.05418718
52.28829497
53.62407931
53.65468516
51.05913647
51.404
51.037002
51.04521189
49.67423607
53.70207367
53.6014044
53.44338478
51.07916388
51.85324304
50.9987969
51.27326473
50.96981574
53.49011805
51.09078549
52.21385315
51.03105703
51.04568406
51.0515529
49.78925514
51.04078061
50.91973491
51.09925142
53.6006859
51.05886249
53.59109293
51.04287792
51.00480473
51.0665906
51.04839287
50.92458309
51.01751418
51.0477915
51.04682309
52.57997971
51.01860747
51.17025758
51.05914561
55.733
54.47723892
51.12874
51.17833248
53.24080448
52.23086944
53.542175
51.04058564
53.570545
51.07427382
51.05741098
51.09969863
53.5246834
53.53685248
53.5321975
53.54417343
53.42370086
51.0182057
53.52246446
56.73080338
53.62375255
53.55978543
53.57080232
51.08313057
51.05754409
53.53925427
51.1115545
53.56525555
53.56681526
51.04800238
53.57122701
53.53926403
53.5347737
53.51505995
50.99382
51.00435293
51.095012
51.06649261
51.15118824
51.04839287
51.10163579
51.04839287
53.53925427
53.5713245
52.22848813
50.94555251
50.70943925
51.08760133
49.48729038
53.54405287
51.05327
53.70207367
53.56642256
53.5642389
51.068075
53.51781795
51.11585168
49.6912616
53.6014132
53.5589152
53.57185778
53.79176215
53.28228918
53.5492106
55.15812292
53.63716375
51.46657527
54.94107629
53.58091884
50.9498374
53.51531086
53.57732232
51.09249312
53.49241014
51.03634777
51.04599247
51.03724463
51.04839287
51.10692638
51.01618749
50.89925
51.08583779
51.17313002
51.00266314
50.9442363
56.75859243
53.50776478
53.63671487
53.26805327
51.0477915
53.45973104
50.95085563
51.08613643
49.58439326
53.687534
51.09274185
53.00976473
51.03759923
53.2649516
51.02608496
51.083567
55.18830936
51.00090873
50.754983
53.54350672
51.14499013
53.5415455
53.49904839
53.4201
51.85322893
49.69176345
54.29995714
51.18609222
56.72601
50.93177771
52.75637404
51.00924945
51.16853466
51.13505711
53.6233564
51.14642705
52.47094084
50.04236564
50.94675319
53.52094372
51.02484307
53.02400198
51.09820874
50.92917602
50.13626323
50.93617342
51.14349552
49.69170044
56.75721697
51.14299638
53.27747375
53.51082095
53.2413294
53.53926389
51.1137487
50.88150231
51.03751207
49.67725899
51.070026
53.54506732
53.54029662
51.16464422
53.4863936
50.989777
53.53925427
53.48663958
50.53121127
54.06617026
53.30439233
56.72480308
51.01605637
53.51293
53.54167644
51.03938302
53.59727745
50.93684221
51.09576913
51.1655666
53.63802423
51.04839287
55.03133729
53.7011379
52.32962128
53.59928092
50.88519526
55.18756169
51.04533804
53.43842106
52.2583
52.36635511
50.98309515
51.06884766
51.04642736
52.20498203
53.65400667
51.0492679
53.57586787
51.0383485
50.97979071
51.05372459
52.30147075
51.04018515
50.90112409
53.5412
53.51957631
53.51860915
50.93570446
50.03937889
55.36392
53.04716954
52.4818468
51.09548842
51.13130666
53.55978408
51.04839287
53.53447396
51.15361656
53.5428674
51.06342182
53.6860702
51.14879206
50.92195017
51.04571539
51.08743853
56.76313768
53.542389
49.7220776
54.55595027
53.26498233
56.73780628
52.27530364
52.27743347
51.05997748
53.39338744
51.040609
51.02287417
53.55566989
52.3104629
53.45596476
50.9619155
53.27562466
56.71821379
50.8887776
51.03906423
50.91577198
53.01441749
53.45329142
57.12473676
50.9736779
53.56075301
53.542603
53.47134064
51.85324327
53.48219341
55.15793891
51.12569131
52.20498765
53.56807267
50.82429297
50.72447
50.93900483
51.1306895
51.05627961
51.56172562
53.51343755
51.10147079
51.14839797
53.25029
51.14510854
51.0923885
53.72296882
52.75436221
53.49559736
51.1890241
51.17025273
53.5398
51.0936667
53.62910984
50.9542913
51.05096322
53.53925427
51.09733199
51.68003753
50.06191764
50.92105058
51.0634491
50.03676245
54.83385072
53.60203689
53.5455535
53.5760619
53.8142975
52.20537848
50.92139216
56.75696262
51.06344702
56.72955877
53.56778344
53.53925427
50.87785294
53.67867789
52.2396901
53.6064643
53.55509836
51.07366
49.677338
51.1897364
50.94783264
50.94207541
57.96
51.03754518
53.51434031
50.90771618
51.01181666
50.90152313
53.5237341
50.98602043
51.036632
51.18194883
56.34897447
49.6928717
53.51511284
55.20155002
51.61050566
50.88543596
51.12572923
51.03497
53.36907696
50.94364797
53.0241077
53.54999369
51.09231875
53.53925427
56.75656972
53.54169191
53.28043239
51.55772671
53.26483431
50.88381349
53.52349421
51.21243772
50.06050686
53.48943649
49.69275781
51.0591714
51.04698953
49.99549653
53.4513805
54.4853305
53.41129675
50.98315472
53.5263717
51.0453246
53.59612316
51.0392572
53.55504688
55.18782647
53.59931218
50.90657118
53.5347479
50.99003338
49.69759469
49.6917526
52.2397216
50.97159992
51.10693353
50.91529862
51.1453689
51.00743701
50.9524253
51.10968781
51.08445941
51.03492203
51.05805806
51.04640605
53.5205696
51.08327926
52.36765651
50.02777071
54.709
53.5585662
56.622
53.53067034
51.01027144
50.96939527
53.51306005
51.13495149
53.48061978
53.45628046
51.03502372
53.5741615
53.55498319
53.42378901
53.52246446
51.09412937
51.05279024
52.6755902
51.04839287
51.0619453
53.53925427
51.15315315
52.27530594
53.94228792
53.5233337
51.8531587
51.1260995
52.37805296
52.30138428
50.91273565
53.48465458
51.28985797
49.70649095
51.1033375
51.04839287
50.02501356
51.03876
51.08270637
53.4735163
53.541093
53.53441901
51.06074395
51.12568509
50.8907295
52.6775
53.6014088
51.0628847
53.48961842
52.23107532
53.46519114
53.42538271
53.53925427
51.04607991
53.59730073
51.26684
53.5233929
53.6014411
56.1064177
53.49055391
51.15207328
53.54280659
56.75647308
51.08388447
50.92454723
50.2455304
53.51768763
53.5150683
53.59655845
51.0423691
49.69274625
51.05429584
53.46340357
53.55949022
51.05907409
51.0383485
53.56138169
50.02777071
52.26924062
53.085858
51.02947113
51.10797705
53.4660948
51.04898646
51.041232
49.58437557
51.12355999
50.88618216
50.02634456
50.92075967
53.6233515
53.4236464
52.97134588
51.12575637
51.85313158
53.53925427
51.20397765
50.916624
56.23364721
51.01006125
53.62372676
53.24016351
51.0442812
53.51528314
53.56116832
51.12580622
50.92137437
51.00130986
53.6263545
49.69287724
51.0362736
51.03907085
51.85318611
53.53663769
53.55533159
53.54168522
51.03789171
50.89905361
53.36686626
53.53777179
50.96991544
49.6755909
53.27761367
53.39904703
53.5132903
51.03416223
50.60122218
50.71122652
51.07949443
49.69018959
51.0904303
51.030338
51.05759945
50.89790947
53.53719867
57.24393539
57.1702716
53.411
53.5347111
53.388859
53.42522962
51.14311235
50.95170836
53.479009
51.09771057
56.67594661
53.6014326
53.92
51.01596122
53.56274809
50.0350391
51.08757354
51.03143543
54.12713551
50.89052534
50.94885914
50.99021
51.0875928
53.39203119
52.30163454
50.99523757
53.60214203
52.3845365
53.388859
51.07804934
53.49934874
57.27132689
53.6014382
51.12569943
51.13056081
49.73004139
53.52273875
50.97393298
50.90663864
52.31036778
50.92475876
55.16313
51.00048866
53.36556516
53.51607372
51.0591194
53.48854425
50.99270654
51.14308678
50.90650846
51.03730601
51.17233995
50.88822277
50.9149296
51.05871031
51.01588981
51.12309
54.26963177
50.0392878
53.58489373
53.46446609
51.07040997
51.14320277
51.01380748
53.5052757
50.77047663
50.93123167
53.00574468
51.85325043
51.09655741
50.92369285
51.06880143
52.97558272
51.13617441
50.95134333
53.55142096
53.50477009
51.04694326
53.47551518
53.53925427
53.44062754
53.52001137
51.05899464
53.48772768
51.07798822
53.52465879
51.11039863
50.88919964
50.035046
53.53739852
51.1266567
52.20196602
51.019537
51.05911863
53.59395635
53.6014493
51.09557801
49.69912423
51.08398829
52.28359477
53.55507564
51.26683
54.17023106
50.7109054
51.0113166
51.04058224
50.91432666
51.12567217
50.94157767
53.4949451
52.26368135
49.67440586
53.59728623
52.87924719
52.28358719
51.01584228
51.13883333
51.6986099
52.24332685
58.643
50.95195827
53.62728691
51.7947618
55.27803549
51.046883
51.05507371
52.26383285
50.97913241
51.0406318
53.61357196
52.976986
53.5510925
55.11336508
50.99944212
51.04528083
51.01590711
51.02690541
53.494974
54.88763798
53.5617435
50.90602107
51.05024783
51.01618622
51.1197
49.6962909
52.27544741
53.53999965
53.37956248
53.6199392
49.270645
51.0383485
55.44697961
51.08613738
51.01012087
53.52757797
53.63967733
53.5628844
53.54073539
51.16838755
51.13617236
53.6014179
53.4849423
56.72942153
53.6015046
55.19710055
51.06456148
53.99223307
50.88909247
50.93893841
53.60325383
51.12567769
50.90808
53.31323057
51.1395843
53.01642114
53.6000458
51.03611866
50.01580127
51.04839287
51.03892311
53.51157931
52.00464395
50.9658335
51.04060456
53.52695625
53.51745282
53.53925427
53.60080816
51.1183586
53.4530929
51.1251665
49.76913799
53.48417034
53.52224722
51.26594066
50.91271002
50.91272069
51.85324264
53.52466803
51.09570198
53.54275632
53.54153757
53.54900468
54.12221854
53.48126101
55.10913422
51.02720392
55.27791164
53.54337694
53.51434419
53.50072681
51.07993
53.51888514
52.29835212
52.27735638
51.04839287
52.3014403
53.54155586
51.05348819
53.56513978
56.6841
51.30280417
52.92116173
51.079398
54.18050572
50.92366272
51.0589838
52.25131601
53.36909958
51.05197264
51.0088
53.388859
50.91765829
51.11730144
51.85325817
50.9508203
51.0413403
56.69961388
51.94834115
52.25127039
49.6524702
51.0364724
53.3683642
50.87801642
51.03394079
56.23364721
53.56296773
53.25247133
51.0629322
54.60890191
51.0882563
52.88692401
56.076
51.04484562
53.6013917
50.89800787
51.12568697
52.30403897
55.37
53.4227
51.11031866
53.00413883
51.85325043
53.43667333
53.53843194
51.19508009
53.44944578
52.30126703
53.58804402
56.72992923
50.90516354
53.56764174
53.62703514
51.0364937
53.02009578
50.97587968
51.1149643
50.7707875
53.6021453
51.081185
56.71689619
53.5462
51.05902713
50.71119557
51.04522804
53.57117996
50.93729258
52.008
53.50830979
50.93221794
51.03291765
51.15593145
51.05888359
51.01010088
53.44477449
50.97252779
51.08844579
56.41642723
53.4849929
51.03711117
53.60597856
51.081185
55.15787078
53.53680604
51.0362736
53.388859
51.01530058
53.4574925
51.0703351
49.67422255
53.5465
50.03745092
53.01441089
51.12876801
53.50786959
51.14345628
53.47631919
53.50390315
50.981825
51.02185157
57.12588832
53.388859
51.04158004
50.83162939
51.02618497
51.1505166
49.67412051
53.50938875
51.17009
51.1622085
51.12539916
51.067999
50.99433498
53.55628367
51.85324311
51.02018853
51.0505383
53.51733316
51.15189454
55.17402756
53.5231473
53.6880854
57.26029888
51.03776641
51.04839287
51.12579172
50.8890451
53.50176154
53.59033203
51.02484497
51.03969222
51.1257259
52.67495273
51.123227
51.04839287
51.08252531
50.9077444
51.0088
53.48247314
51.0288712
50.95733675
50.94404364
51.16488675
51.0539125
53.388859
53.71074282
53.56632922
52.2775916
52.4705114
53.3015854
50.98699184
51.03764798
53.5961796
51.94833602
53.388859
53.5665282
53.550038
51.05914335
51.1093832
51.17555429
51.21235939
51.08330646
51.07692298
53.65444969
49.6677843
50.96077534
51.03788291
53.388859
53.52271826
53.56288686
52.779
51.30650648
51.05437943
51.1512458
55.219
53.52645713
53.56674449
53.60213624
53.60203669
51.02229628
53.8762254
53.50071657
51.04092026
51.067911
51.17025168
53.51802719
51.04723955
51.1251665
50.88164338
53.42378042
53.5992833
53.51709078
50.88878113
53.388859
51.03759777
51.17023629
58.922
52.75470254
53.669361
51.16422644
55.66337975
59.086
52.45060179
51.045325
51.03968895
56.72939363
51.01013592
53.5233666
51.85324184
53.60214425
53.56515967
53.5136252
51.0370745
51.07993226
52.24613338
51.05918225
51.0936571
53.53925427
53.51819772
51.15186412
50.9010093
53.552421
50.93351761
52.88695185
51.03750639
53.56858485
51.1174689
51.05099899
51.04930497
51.16493113
53.28365235
51.28754159
51.0376021
51.2637342
51.00267007
51.07968563
50.83761244
50.88917507
49.69629241
52.47169588
51.04839287
51.15160739
53.54116821
52.27551202
51.03876456
53.51529789
53.02410557
53.59660603
51.17661857
53.45321649
50.9068854
51.11674882
51.06348463
51.06844731
50.9524883
51.04257591
51.788372
53.50930616
53.68453523
53.53904007
55.15378848
56.7297384
53.61568572
53.55777973
53.01508842
53.55467051
51.1251665
53.54696631
56.72194507
53.6013701
50.87760434
51.1294
51.1251665
50.9143668
55.26984995
51.08318362
51.06693285
51.03388717
51.04839287
51.03751347
51.17662594
53.53401012
51.04839287
51.1271524
51.01587398
51.1512458
51.03463606
53.5412279
53.56939746
54.905
51.12577229
49.69631044
51.1428009
53.53234971
53.53925427
51.02375144
51.1257066
51.08759688
50.8887514
51.02108751
50.9519157
51.61050566
53.53786364
51.22474974
52.8452632
49.68913367
53.17534173
51.04839287
51.06344058
52.37058648
51.17228034
51.14583074
57.2377566
50.00187834
52.32966315
51.08314123
53.4598578
51.0373165
51.006562
51.07322561
53.51106895
49.70648368
50.58197739
51.15279188
51.04839287
51.0362739
53.4502633
51.18335391
51.24736514
51.08439587
55.17223585
53.5395925
52.97130859
53.54984998
53.5995581
53.388859
50.92474822
51.0456229
51.09079178
51.11998499
50.94835712
53.53925427
49.66971096
50.91425777
51.07793194
53.63056534
51.03407131
53.53974533
53.53925427
53.61774235
52.30295323
53.5715639
53.43667333
51.00950318
53.57089312
51.040548
51.99072616
53.06406244
51.03387363
53.27094446
51.27293666
51.8057675
50.03942488
51.03988848
51.06251812
53.6150166
51.05555371
50.90316975
50.02777071
51.03403
53.48144431
51.02706064
53.9656554
53.45950117
51.1094778
53.23655973
51.04839287
51.09794354
51.03588895
51.05099899
50.9082129
53.55939497
53.53132
52.9711674
59.779
51.0886
51.46374066
49.48725945
54.76314465
51.04028782
53.6014527
55.27588596
53.56625618
53.45617956
54.848
51.04839287
52.8452622
53.48471694
53.601403
51.03435682
53.388859
50.90959057
53.24298642
51.04839287
51.09774486
51.0517112
51.05956386
53.51052004
53.57481766
51.05864478
51.17542563
51.03802854
51.04839287
53.517209
56.7339116
51.0321667
51.06340342
53.46144948
51.0383524
53.494007
51.04839287
50.88917452
53.63193581
51.04839287
51.07920072
52.27543459
50.04467
51.04734746
51.07488085
56.25913409
51.04036764
52.27538764
53.5444477
53.5233359
53.53696143
52.31036778
51.1487021
51.26771627
53.51556661
54.530233
52.30617479
52.3471869
53.51275297
50.90428066
53.54481723
51.12574776
51.03891174
50.94974899
53.80037399
53.59583591
53.51328723
51.03945925
56.7190027
53.51819902
53.388859
51.04007976
53.4236717
51.04839287
56.72722297
51.07817626
53.388859
53.61575181
51.19072061
53.42612163
53.388859
49.69290371
56.7604896
51.04839287
51.02619107
55.15812282
51.04839287
54.4853372
53.2689947
51.0403971
55.153525
51.1251665
51.1251665
53.52270684
52.25736148
53.36913507
50.71026598
51.03859353
50.02781133
56.7572251
53.52272884
53.388859
54.402782
51.15593145
53.388859
51.04839287
52.30475519
51.08314765
53.54064571
53.39729322
50.9077565
51.17872
50.90888973
50.91425224
53.49900642
53.54363719
51.30159669
53.68511108
51.06340727
53.52246446
51.0585855
51.05005604
51.0362736
53.50081652
53.5200866
51.85325704
53.45490805
52.2832214
53.5080353
53.5480143
51.04048599
53.388859
51.0159429
51.11547937
53.56934448
51.04839287
51.05950601
49.67455114
51.05011378
54.45886674
53.45350365
53.36907359
54.4853299
53.55622593
55.291
51.01015044
53.01519711
53.53925427
53.53925427
53.6014759
53.5185837
49.6934
51.01016291
50.93234118
51.04839287
51.06543
51.09210483
51.04839287
51.1405549
51.04696901
50.9326024
53.52002605
51.05181153
53.51969349
53.48574799
51.0847012
55.58456223
51.04839287
51.06336722
51.08176487
51.00896984
52.71411741
53.53925427
51.19974705
53.58681028
53.84888448
52.542
50.8910474
55.7626239
51.0525417
51.28950174
51.26387594
51.03780923
53.5153955
51.16759964
51.07604287
54.12713551
53.53443267
50.9430535
53.55955465
51.03556747
53.53925427
58.164
55.3036
53.66709141
51.06130672
51.41676634
51.0523545
51.0153435
53.47813244
53.42549468
51.05157748
53.53925427
53.6303211
51.00146821
53.42896648
50.998
51.18114506
53.52806225
53.25013206
50.92458213
53.6001699
53.602359
51.05912682
51.0430108
53.01423121
53.45484496
56.076
49.91037437
51.03620476
51.04839287
53.603152
56.67571686
51.125631
50.9510887
53.26
51.03411995
51.77814993
51.14765851
53.5436962
51.01959147
53.61721585
53.5897265
53.51489293
51.06348619
50.88166536
51.06277989
53.59798443
50.97762262
53.53895929
53.45702616
55.1432691
51.0367195
51.04256565
53.64767893
51.04920126
51.13299988
53.61692555
53.56362363
53.01460305
53.61348446
51.12575514
50.9051239
53.55793046
51.03757856
53.5195361
51.1251665
51.00198718
51.06150764
53.50411185
52.052
55.17223585
51.04570031
55.27703
51.05941401
49.98041969
51.05929292
53.54136379
53.6014664
51.1251665
51.03875308
53.53925427
51.02957952
53.3601839
53.45954629
51.037924
51.05251925
50.93993
53.55952393
51.1831382
53.42373126
50.93406953
53.54407486
53.60212885
51.08734506
53.388859
53.62375879
51.02689186
51.05919919
51.1912669
53.388859
51.02929483
51.25217391
52.31924058
53.44422702
53.00843415
53.53925427
50.89658735
51.01616093
53.49508069
51.030333
51.045891
52.97136115
51.12569948
51.1251665
54.153
53.01996347
53.69178117
51.06230955
53.5782387
51.042921
51.1593101
50.88596332
51.11520376
53.55597164
51.06033702
53.53925427
53.61560585
50.9230294
52.3845365
51.1251665
55.15804886
51.00044213
49.66821636
49.6755847
53.6013925
51.03439198
51.08414032
53.56646064
53.50482388
51.06339757
53.388859
50.90373082
53.54662078
53.54235453
50.888765
51.05907023
56.76419934
53.54049
50.00182282
53.53925427
51.0362718
53.5445932
53.59926143
51.13085487
51.85324383
51.03777684
50.9632223
53.63294106
51.1059823
51.85312236
50.94666619
52.29824704
51.01595078
51.05370064
51.04839287
50.3437815
53.388859
53.388859
58.935
52.21385167
51.03339696
53.80442065
53.41843365
51.1069669
55.344887
52.238548
51.85324495
52.784763
51.28484
51.08634038
52.88711267
54.512
52.98851975
55.19223657
53.51437253
51.00454432
49.915229
51.28472
53.60518
53.6014139
53.6022949
50.91570914
51.03906356
51.19071345
52.2754575
51.05271751
51.132351
49.69275781
51.02257528
53.59693704
53.25802921
52.30370418
51.14651134
50.9078451
50.927316
53.59600809
52.27548455
51.0856881
51.13782637
53.50190632
53.53925427
55.18940019
53.50180084
53.53447344
50.88608354
52.2344266
53.52729312
51.08312724
51.03798898
53.45689991
51.070446
53.4466894
53.388859
53.44677458
53.25108791
53.51293
51.26179573
51.05633902
49.35308206
50.9052326
51.06889563
53.18566851
51.05438347
51.11623307
55.10929801
51.04647548
51.15278318
51.0433089
52.2999588
51.0033702
53.60408028
53.6013949
52.751
51.05920416
53.55172114
51.12576042
53.33091618
51.07790486
51.1251665
53.50070148
51.03550757
53.56858485
51.14888156
53.4990256
55.18939028
51.1711012
53.918
51.61044693
51.07075141
51.16333333
53.57030467
51.17768957
51.02541503
51.12598143
53.54168502
55.1584465
53.55231868
53.27715822
50.89268689
51.07910519
51.14296827
53.388859
49.69275834
49.6741746
51.1251665
53.54418038
53.64206824
55.3036
51.04839287
51.04190455
53.53925427
51.04964952
51.0221442
51.04756729
51.46657046
52.16449297
53.8761741
52.87278951
51.0871146
50.88556479
51.0170838
53.388859
53.75145664
50.99908776
50.99908565
49.7053318
52.87947271
53.42384316
56.71996562
53.388859
53.24828235
49.915229
53.56677878
51.00995673
51.03788291
53.57103502
53.50460245
53.5275733
53.52288543
51.03993678
53.15886723
51.61044693
52.30472722
51.55770901
50.91453524
53.41566745
51.08613162
50.90928813
50.9943679
53.41828857
51.04839287
51.04013911
51.14291055
53.00797143
49.58439469
53.48165371
53.53961651
52.29799862
51.03997344
58.768
51.0538174
53.51546506
51.14132389
53.53447344
53.54591125
53.585534
53.51522892
51.42921887
53.5068141
50.00188142
51.0584307
53.55720601
53.41717162
54.00129975
53.41962161
53.5984737
53.6934188
51.03725059
53.48162712
53.56248422
53.6014223
50.8670768
51.01610095
53.388859
53.55054231
51.07687129
51.05886607
52.31236863
51.02793789
51.03363278
50.97788342
53.6386104
53.5855184
50.9535348
49.19133377
49.67198461
53.55671773
52.67512869
51.04055713
49.66711346
51.02392572
51.05916919
53.5198014
53.518161
53.45513846
53.54206009
52.31036778
51.12575593
50.88833123
52.25127598
51.05602683
51.030503
53.5416064
53.56919215
50.916639
53.54362856
51.04646982
53.51824678
51.03876548
51.08611691
53.5971518
53.65241238
50.934343
53.5415564
51.72379806
51.08224818
51.11665756
53.54585451
50.00987802
51.1251665
50.9795895
49.69316039
53.6014161
51.0476959
51.8532431
51.16092787
51.04839287
51.04839287
49.58439226
51.17117117
53.24841122
51.04839287
53.35861284
51.1251665
51.00268724
50.89052158
53.53141774
53.52399943
53.24685945
51.04722899
50.94349682
50.06046638
51.06011917
53.5657671
51.08758946
51.01384856
51.048642
53.4892173
51.14647234
53.86800234
50.98937203
50.88237613
51.1251665
52.27744598
51.12730306
51.1606622
51.18257122
53.52303976
51.12573112
53.5807215
53.52364677
53.5383722
53.46898266
51.126345
54.19170658
53.53467
53.45134296
51.0475825
51.16171699
51.15593145
51.04625065
50.9498473
50.8987719
53.42366321
51.12967189
53.62721748
55.5209963
51.1251665
53.51536727
53.57057
51.46653807
50.88904312
52.24693426
51.04839287
53.557002
53.4849902
51.05517531
55.3415909
51.1251665
50.91034
52.24394551
51.02531664
49.67768277
53.388859
53.01567379
53.50894192
53.388859
50.87596213
51.08369996
56.71976264
50.89119305
54.41486826
51.04331028
53.62761629
53.4434929
50.78804859
52.27548653
53.53925427
50.73074579
51.06833489
51.01012263
51.03334905
53.53925427
49.025856
54.29988826
53.68710674
53.51126046
51.06340365
50.0350223
53.590411
51.03931846
51.11929531
49.33807113
52.9868533
53.4849971
51.14293985
51.1251665
51.04666885
51.1245784
51.0366367
51.04349864
50.940656
34.22631445
51.05994129
51.03788291
43.629311
54.505545
48.4168323
44.23048
51.02927939
50.71057533
43.64842391
51.0261898
49.82734443
50.9061631
44.65853489
51.04839287
51.0469936
33.7671944
51.03411995
51.4892630317
43.629311
50.925958
53.51798018
51.05757799
49.9549975
51.09400051
42.3561185
49.89034914
43.64842391
51.04839287
51.05441832
